\begin{frame}
	\frametitle{Appendix A: Leptonenuniversalität}
	Leptonenuniversalität nicht annehmen $\Rightarrow$ Elektronen Wert $\Gamma_e$ bestimmen und dann jeweils
	\begin{equation*}
	\Gamma_i=\frac{\Gamma_f^2}{\Gamma_e}
	\end{equation*}
	\begin{table}[h]\centering
		\begin{tabular}{@{}lllllll@{}}
			\toprule
			&Event $i$&$\Gamma_{Z}$ [GeV]&$s_{\Gamma_{Z}}$ [GeV]&$\Gamma_i$ [MeV]&$s_{\Gamma_i}$ [MeV]&$\Gamma_i^{lit}$ [MeV]\\
			\midrule
			&$e^+e^-$&2.28&0.11&94&4&83.8\\
			&$\mu^+\mu^-$&2.52&0.06&73&4&83.8\\
			&$\tau^+\tau^-$&2.48&0.07&63&4&83.8\\
			&$q\overline{q}$&2.526&0.019&1570&70&1732\\
			\bottomrule
		\end{tabular}
	\end{table}
	Werte sehr schlecht, da $\Gamma_e$ schon schlecht war.\\
	Grund: s-t-Kanal Trennung
\end{frame}
\begin{frame}
	\frametitle{Appendix B: Effizienzmatrix}
	\noindent\textbox{\hfil Effizienzmatrix\hfil}
	\centering
	\begin{tabular}{@{}llllll@{}}
		\toprule
		&Events &$e^+e^-$&$\mu^+\mu^-$&$\tau^+\tau^-$&$q\overline{q}$\\
		\midrule
		&Cut&&&&\\
		&$e^+e^-$&0.39078&0.00002&0.00422&0.00002\\
		&$\mu^+\mu^-$&0.00018&0.90171&0.00611&0.00001\\
		&$\tau^+\tau^-$&0.00039&0.00940&0.83413&0.00094\\
		&$q\overline{q}$&0.00007&0.00001&0.00685&0.98437\\
	\end{tabular}
	\noindent\textbox{\hfil \mbox{Fehler der Effizienzmatrix} \hfil}
	\begin{tabular}{@{}llllll@{}}
		\toprule
		&Events &$e^+e^-$&$\mu^+\mu^-$&$\tau^+\tau^-$&$q\overline{q}$\\
		\midrule
		&Cut&&&&\\
		&$e^+e^-$&0.001593&0.000015&0.000230&0.000014\\
		&$\mu^+\mu^-$&0.000044&0.000969&0.000277&0.000010\\
		&$\tau^+\tau^-$&0.000065&0.000314&0.001322&0.000098\\
		&$q\overline{q}$&0.000028&0.000011&0.000293&0.000395\\
		\bottomrule
	\end{tabular}	
\end{frame}
\begin{frame}
	\frametitle{Appendix C: Inverse Effizienzmatrix}
	\noindent\textbox{\hfil Inverse Effizienzmatrix\hfil}
	\centering
	\begin{tabular}{@{}llllll@{}}
		\toprule
		&Events &$e^+e^-$&$\mu^+\mu^-$&$\tau^+\tau^-$&$q\overline{q}$\\
		\midrule
		&Cut&&&&\\
		&$e^+e^-$&2.55899&0.00007&-0.01294&-0.00004\\
		&$\mu^+\mu^-$&-0.00051&1.10909&-0.00812&-0.00000\\
		&$\tau^+\tau^-$&-0.00120&-0.01250&1.19896&-0.00115\\
		&$q\overline{q}$&-0.00019&0.00008&-0.00835&1.01589\\
		\bottomrule
	\end{tabular}
	\noindent\textbox{\hfil \mbox{Fehler der inversen Effizienzmatrix} \hfil}
	\begin{tabular}{@{}llllll@{}}
		\toprule
		&Events &$e^+e^-$&$\mu^+\mu^-$&$\tau^+\tau^-$&$q\overline{q}$\\
		\midrule
		&Cut&&&&\\
		&$e^+e^-$&0.010372&0.000043&0.000703&0.000037\\
		&$\mu^+\mu^-$&0.000123&0.001187&0.000366&0.000011\\
		&$\tau^+\tau^-$&0.000196&0.000416&0.001870&0.000119\\
		&$q\overline{q}$&0.000074&0.000013&0.000353&0.000403\\
		\bottomrule
	\end{tabular}
\end{frame}