Original matrix

{{0.33336, 2e-005, 0.00988, 0.00036}, {0.00018, 0.90171, 0.00611, 1e-005}, {0.00301, 0.02421, 0.91962, 0.00153}, {7e-005, 1e-005, 0.00687, 0.9897}}



Binomial error matrix

{{0.0015392, 1.45569e-005, 0.000351416, 0}, {4.38017e-005, 0.000969049, 0.000276878, 0}, {0.000178864, 0.000500303, 0.000966, 0}, {2.73167e-005, 1.02933e-005, 0.000293481, 0}}



Inverse matrix

{{3.00005, 0.000798781, -0.0322288, -0.00104144}, {-0.000532431, 1.1092, -0.00736387, 3.70196e-007}, {-0.00980519, -0.0292039, 1.08772, -0.00167767}, {-0.000144121, 0.000191455, -0.00754803, 1.01042}}



Errormatrix for inverse matrix

{{0.0138126, 5.95529e-005, 0.00114744, 5.11645e-006}, {0.000143938, 0.00118774, 0.000329314, 5.11874e-007}, {0.000576249, 0.000601016, 0.00112372, 1.74711e-006}, {8.31137e-005, 1.50502e-005, 0.000319246, 4.96819e-007}