Original matrix

{{0.286697, 2e-005, 0.00988, 0.00036}, {0.00018, 0.90171, 0.00611, 1e-005}, {0.00301, 0.02421, 0.91962, 0.00153}, {7e-005, 1e-005, 0.00687, 0.9897}}



Binomial error matrix

{{0.00147653, 1.45569e-005, 0.000351416, 0}, {4.38017e-005, 0.000969049, 0.000276878, 0}, {0.000178864, 0.000500303, 0.000966, 0}, {2.73167e-005, 1.02933e-005, 0.000293481, 0}}



Inverse matrix

{{3.48839, 0.000928804, -0.0374749, -0.00121097}, {-0.000619098, 1.1092, -0.00736294, 4.00282e-007}, {-0.0114012, -0.0292043, 1.08773, -0.00167711}, {-0.000167581, 0.000191448, -0.00754778, 1.01042}}



Errormatrix for inverse matrix

{{0.0179419, 6.91044e-005, 0.00133336, 6.55465e-006}, {0.000166334, 0.00118774, 0.000329615, 5.13583e-007}, {0.000671653, 0.00060098, 0.00112249, 1.75237e-006}, {9.65754e-005, 1.50475e-005, 0.00031923, 4.97278e-007}