Original matrix

{{0.283741, 2e-005, 0.00988, 0.00036}, {0.00018, 0.90171, 0.00611, 1e-005}, {0.00301, 0.02421, 0.91962, 0.00153}, {7e-005, 1e-005, 0.00687, 0.9897}}



Binomial error matrix

{{0.00147194, 1.45569e-005, 0.000351416, 0}, {4.38017e-005, 0.000969049, 0.000276878, 0}, {0.000178864, 0.000500303, 0.000966, 0}, {2.73167e-005, 1.02933e-005, 0.000293481, 0}}



Inverse matrix

{{3.52474, 0.000938481, -0.0378654, -0.00122358}, {-0.000625549, 1.1092, -0.00736287, 4.02521e-007}, {-0.01152, -0.0292043, 1.08774, -0.00167707}, {-0.000169327, 0.000191448, -0.00754776, 1.01042}}



Errormatrix for inverse matrix

{{0.0182733, 6.99859e-005, 0.00135123, 6.65726e-006}, {0.000169173, 0.00118774, 0.000329657, 5.14996e-007}, {0.00068011, 0.000600958, 0.00112249, 1.7446e-006}, {9.74604e-005, 1.50476e-005, 0.000319236, 4.97217e-007}