Original matrix

{{0.341224, 2e-005, 0.00988, 0.00036}, {0.00018, 0.90171, 0.00611, 1e-005}, {0.00301, 0.02421, 0.91962, 0.00153}, {7e-005, 1e-005, 0.00687, 0.9897}}



Binomial error matrix

{{0.00154804, 1.45569e-005, 0.000351416, 0}, {4.38017e-005, 0.000969049, 0.000276878, 0}, {0.000178864, 0.000500303, 0.000966, 0}, {2.73167e-005, 1.02933e-005, 0.000293481, 0}}



Inverse matrix

{{2.93091, 0.00078037, -0.031486, -0.00101744}, {-0.00052016, 1.1092, -0.007364, 3.65936e-007}, {-0.0095792, -0.0292038, 1.08772, -0.00167774}, {-0.000140799, 0.000191456, -0.00754807, 1.01042}}



Errormatrix for inverse matrix

{{0.0132517, 5.82607e-005, 0.0011202, 4.91516e-006}, {0.000139768, 0.00118774, 0.000329326, 5.11843e-007}, {0.000562864, 0.000600941, 0.00112403, 1.73763e-006}, {8.10449e-005, 1.50475e-005, 0.000319231, 4.968e-007}