Original matrix

{{0.150013, 2e-005, 0.00988, 0.00036}, {0.00018, 0.90171, 0.00611, 1e-005}, {0.00301, 0.02421, 0.91962, 0.00153}, {7e-005, 1e-005, 0.00687, 0.9897}}



Binomial error matrix

{{0.00116591, 1.45569e-005, 0.000351416, 0}, {4.38017e-005, 0.000969049, 0.000276878, 0}, {0.000178864, 0.000500303, 0.000966, 0}, {2.73167e-005, 1.02933e-005, 0.000293481, 0}}



Inverse matrix

{{6.66751, 0.00177526, -0.0716274, -0.00231457}, {-0.00118331, 1.1092, -0.00735688, 5.96143e-007}, {-0.0217917, -0.0292071, 1.08785, -0.0016735}, {-0.000320304, 0.000191408, -0.00754614, 1.01042}}



Errormatrix for inverse matrix

{{0.0517161, 0.00013246, 0.00259126, 1.84425e-005}, {0.000320574, 0.00118772, 0.000330672, 5.23192e-007}, {0.00129035, 0.000600713, 0.00112444, 1.7877e-006}, {0.000184608, 1.50573e-005, 0.000319351, 4.9477e-007}