Original matrix

{{0.223659, 2e-005, 0.00988, 0.00036}, {0.00018, 0.90171, 0.00611, 1e-005}, {0.00301, 0.02421, 0.91962, 0.00153}, {7e-005, 1e-005, 0.00687, 0.9897}}



Binomial error matrix

{{0.00136055, 1.45569e-005, 0.000351416, 0}, {4.38017e-005, 0.000969049, 0.000276878, 0}, {0.000178864, 0.000500303, 0.000966, 0}, {2.73167e-005, 1.02933e-005, 0.000293481, 0}}



Inverse matrix

{{4.47174, 0.00119062, -0.0480387, -0.00155233}, {-0.000793616, 1.1092, -0.00736107, 4.60865e-007}, {-0.0146151, -0.0292052, 1.08777, -0.001676}, {-0.00021482, 0.000191436, -0.00754728, 1.01042}}



Errormatrix for inverse matrix

{{0.0271234, 8.9007e-005, 0.00172196, 9.81416e-006}, {0.000214697, 0.00118774, 0.000330127, 5.16971e-007}, {0.000862004, 0.000600736, 0.00112179, 1.75877e-006}, {0.000123692, 1.50479e-005, 0.000319234, 4.95981e-007}