Original matrix

{{0.323343, 2e-005, 0.00988, 0.00036}, {0.00018, 0.90171, 0.00611, 1e-005}, {0.00301, 0.02421, 0.91962, 0.00153}, {7e-005, 1e-005, 0.00687, 0.9897}}



Binomial error matrix

{{0.00152725, 1.45569e-005, 0.000351416, 0}, {4.38017e-005, 0.000969049, 0.000276878, 0}, {0.000178864, 0.000500303, 0.000966, 0}, {2.73167e-005, 1.02933e-005, 0.000293481, 0}}



Inverse matrix

{{3.093, 0.000823529, -0.0332273, -0.00107371}, {-0.000548927, 1.1092, -0.0073637, 3.75923e-007}, {-0.010109, -0.029204, 1.08772, -0.00167756}, {-0.000148586, 0.000191454, -0.00754799, 1.01042}}



Errormatrix for inverse matrix

{{0.0145331, 6.13761e-005, 0.00118321, 5.38045e-006}, {0.000148004, 0.00118775, 0.000329334, 5.11618e-007}, {0.000596004, 0.000601002, 0.00112325, 1.74044e-006}, {8.59749e-005, 1.50493e-005, 0.000319238, 4.96757e-007}