fs: 0.118084,0.371194,0.517685,0.688433,0.656156,0.438832,0.473246,
fs_err: 0.022072,0.0225952,0.0228781,0.00812138,0.0208721,0.0301878,0.0257884,